{
	"list": [
		{
			"pose": [0.000000, 0.000000, -1.000000, 0.000000, 0.000000, 1.000000, 0.000000, -10.000000, 1.000000, 0.000000, 0.000000, -40.000000, 0.000000, 0.000000, 0.000000, 1.000000],
			"value": 1.000000 
		},
		{
			"pose": [0.000000, 0.000000, -1.000000, 0.000000, 1.000000, 0.000000, 0.000000, -40.000000, 0.000000, -1.000000, 0.000000, -10.000000, 0.000000, 0.000000, 0.000000, 1.000000],
			"value": 1.000000 
		},
		{
			"pose": [0.000000, 0.000000, -1.000000, 0.000000, 1.000000, 0.000000, 0.000000, -40.000000, 0.000000, -1.000000, 0.000000, -0.000004, 0.000000, 0.000000, 0.000000, 1.000000],
			"value": 1.000000 
		},
		{
			"pose": [0.000000, 0.000000, -1.000000, 0.000000, 0.000000, -1.000000, 0.000000, -10.000000, -1.000000, 0.000000, 0.000000, 40.000000, 0.000000, 0.000000, 0.000000, 1.000000],
			"value": 1.000000 
		},
		{
			"pose": [0.000000, 0.000000, -1.000000, 0.000000, 1.000000, 0.000000, 0.000000, -40.000000, 0.000000, -1.000000, 0.000000, 10.000000, 0.000000, 0.000000, 0.000000, 1.000000],
			"value": 1.000000 
		},
		{
			"pose": [0.000000, 0.000000, -1.000000, 0.000000, 0.000000, 1.000000, 0.000000, -0.000004, 1.000000, 0.000000, 0.000000, -40.000000, 0.000000, 0.000000, 0.000000, 1.000000],
			"value": 1.000000 
		},
		{
			"pose": [0.000000, 0.000000, -1.000000, 0.000000, 0.000000, -1.000000, 0.000000, -0.000004, -1.000000, 0.000000, 0.000000, 40.000000, 0.000000, 0.000000, 0.000000, 1.000000],
			"value": 1.000000 
		},
		{
			"pose": [0.000000, 0.000000, -1.000000, 0.000000, -1.000000, 0.000000, 0.000000, 40.000000, 0.000000, 1.000000, 0.000000, -10.000000, 0.000000, 0.000000, 0.000000, 1.000000],
			"value": 1.000000 
		},
		{
			"pose": [0.000000, 0.000000, -1.000000, 0.000000, 0.000000, 1.000000, 0.000000, 10.000000, 1.000000, 0.000000, 0.000000, -40.000000, 0.000000, 0.000000, 0.000000, 1.000000],
			"value": 1.000000 
		},
		{
			"pose": [0.000000, 0.000000, -1.000000, 0.000000, -1.000000, 0.000000, 0.000000, 40.000000, 0.000000, 1.000000, 0.000000, -0.000004, 0.000000, 0.000000, 0.000000, 1.000000],
			"value": 1.000000 
		},
		{
			"pose": [0.000000, 0.000000, -1.000000, 0.000000, 0.000000, -1.000000, 0.000000, 10.000000, -1.000000, 0.000000, 0.000000, 40.000000, 0.000000, 0.000000, 0.000000, 1.000000],
			"value": 1.000000 
		},
		{
			"pose": [0.000000, 0.000000, -1.000000, 0.000000, -1.000000, 0.000000, 0.000000, 40.000000, 0.000000, 1.000000, 0.000000, 10.000000, 0.000000, 0.000000, 0.000000, 1.000000],
			"value": 1.000000 
		},
		{
			"pose": [1.000000, 0.000000, 0.000000, -40.000000, 0.000000, 0.000000, -1.000000, 0.000000, 0.000000, 1.000000, 0.000000, -10.000000, 0.000000, 0.000000, 0.000000, 1.000000],
			"value": 1.000000 
		},
		{
			"pose": [0.000000, -1.000000, 0.000000, -10.000000, 0.000000, 0.000000, -1.000000, 0.000000, 1.000000, 0.000000, 0.000000, -40.000000, 0.000000, 0.000000, 0.000000, 1.000000],
			"value": 1.000000 
		},
		{
			"pose": [1.000000, 0.000000, 0.000000, -40.000000, 0.000000, 0.000000, -1.000000, 0.000000, 0.000000, 1.000000, 0.000000, -0.000004, 0.000000, 0.000000, 0.000000, 1.000000],
			"value": 1.000000 
		},
		{
			"pose": [0.000000, 1.000000, 0.000000, -10.000000, 0.000000, 0.000000, -1.000000, 0.000000, -1.000000, 0.000000, 0.000000, 40.000000, 0.000000, 0.000000, 0.000000, 1.000000],
			"value": 1.000000 
		},
		{
			"pose": [1.000000, 0.000000, 0.000000, -40.000000, 0.000000, 0.000000, -1.000000, 0.000000, 0.000000, 1.000000, 0.000000, 10.000000, 0.000000, 0.000000, 0.000000, 1.000000],
			"value": 1.000000 
		},
		{
			"pose": [1.000000, 0.000000, 0.000000, -40.000000, 0.000000, -1.000000, 0.000000, -10.000000, 0.000000, 0.000000, -1.000000, 0.000000, 0.000000, 0.000000, 0.000000, 1.000000],
			"value": 1.000000 
		},
		{
			"pose": [0.000000, 1.000000, 0.000000, -10.000000, 1.000000, 0.000000, 0.000000, -40.000000, 0.000000, 0.000000, -1.000000, 0.000000, 0.000000, 0.000000, 0.000000, 1.000000],
			"value": 1.000000 
		},
		{
			"pose": [1.000000, 0.000000, 0.000000, -40.000000, 0.000000, 1.000000, 0.000000, -10.000000, 0.000000, 0.000000, 1.000000, 0.000000, 0.000000, 0.000000, 0.000000, 1.000000],
			"value": 1.000000 
		},
		{
			"pose": [0.000000, -1.000000, 0.000000, -10.000000, 1.000000, 0.000000, 0.000000, -40.000000, 0.000000, 0.000000, 1.000000, 0.000000, 0.000000, 0.000000, 0.000000, 1.000000],
			"value": 1.000000 
		},
		{
			"pose": [1.000000, 0.000000, 0.000000, -40.000000, 0.000000, -1.000000, 0.000000, -0.000004, 0.000000, 0.000000, -1.000000, 0.000000, 0.000000, 0.000000, 0.000000, 1.000000],
			"value": 1.000000 
		},
		{
			"pose": [1.000000, 0.000000, 0.000000, -40.000000, 0.000000, 1.000000, 0.000000, -0.000004, 0.000000, 0.000000, 1.000000, 0.000000, 0.000000, 0.000000, 0.000000, 1.000000],
			"value": 1.000000 
		},
		{
			"pose": [1.000000, 0.000000, 0.000000, -40.000000, 0.000000, -1.000000, 0.000000, 10.000000, 0.000000, 0.000000, -1.000000, 0.000000, 0.000000, 0.000000, 0.000000, 1.000000],
			"value": 1.000000 
		},
		{
			"pose": [0.000000, -1.000000, 0.000000, -10.000000, -1.000000, 0.000000, 0.000000, 40.000000, 0.000000, 0.000000, -1.000000, 0.000000, 0.000000, 0.000000, 0.000000, 1.000000],
			"value": 1.000000 
		},
		{
			"pose": [1.000000, 0.000000, 0.000000, -40.000000, 0.000000, 1.000000, 0.000000, 10.000000, 0.000000, 0.000000, 1.000000, 0.000000, 0.000000, 0.000000, 0.000000, 1.000000],
			"value": 1.000000 
		},
		{
			"pose": [0.000000, 1.000000, 0.000000, -10.000000, -1.000000, 0.000000, 0.000000, 40.000000, 0.000000, 0.000000, 1.000000, 0.000000, 0.000000, 0.000000, 0.000000, 1.000000],
			"value": 1.000000 
		},
		{
			"pose": [0.000000, 1.000000, 0.000000, -10.000000, 0.000000, 0.000000, 1.000000, 0.000000, 1.000000, 0.000000, 0.000000, -40.000000, 0.000000, 0.000000, 0.000000, 1.000000],
			"value": 1.000000 
		},
		{
			"pose": [1.000000, 0.000000, 0.000000, -40.000000, 0.000000, 0.000000, 1.000000, 0.000000, 0.000000, -1.000000, 0.000000, -10.000000, 0.000000, 0.000000, 0.000000, 1.000000],
			"value": 1.000000 
		},
		{
			"pose": [1.000000, 0.000000, 0.000000, -40.000000, 0.000000, 0.000000, 1.000000, 0.000000, 0.000000, -1.000000, 0.000000, -0.000004, 0.000000, 0.000000, 0.000000, 1.000000],
			"value": 1.000000 
		},
		{
			"pose": [0.000000, -1.000000, 0.000000, -10.000000, 0.000000, 0.000000, 1.000000, 0.000000, -1.000000, 0.000000, 0.000000, 40.000000, 0.000000, 0.000000, 0.000000, 1.000000],
			"value": 1.000000 
		},
		{
			"pose": [1.000000, 0.000000, 0.000000, -40.000000, 0.000000, 0.000000, 1.000000, 0.000000, 0.000000, -1.000000, 0.000000, 10.000000, 0.000000, 0.000000, 0.000000, 1.000000],
			"value": 1.000000 
		},
		{
			"pose": [0.000000, -1.000000, 0.000000, -0.000004, 0.000000, 0.000000, -1.000000, 0.000000, 1.000000, 0.000000, 0.000000, -40.000000, 0.000000, 0.000000, 0.000000, 1.000000],
			"value": 1.000000 
		},
		{
			"pose": [0.000000, 1.000000, 0.000000, -0.000004, 0.000000, 0.000000, -1.000000, 0.000000, -1.000000, 0.000000, 0.000000, 40.000000, 0.000000, 0.000000, 0.000000, 1.000000],
			"value": 1.000000 
		},
		{
			"pose": [0.000000, 1.000000, 0.000000, -0.000004, 1.000000, 0.000000, 0.000000, -40.000000, 0.000000, 0.000000, -1.000000, 0.000000, 0.000000, 0.000000, 0.000000, 1.000000],
			"value": 1.000000 
		},
		{
			"pose": [0.000000, -1.000000, 0.000000, -0.000004, 1.000000, 0.000000, 0.000000, -40.000000, 0.000000, 0.000000, 1.000000, 0.000000, 0.000000, 0.000000, 0.000000, 1.000000],
			"value": 1.000000 
		},
		{
			"pose": [0.000000, -1.000000, 0.000000, -0.000004, -1.000000, 0.000000, 0.000000, 40.000000, 0.000000, 0.000000, -1.000000, 0.000000, 0.000000, 0.000000, 0.000000, 1.000000],
			"value": 1.000000 
		},
		{
			"pose": [0.000000, 1.000000, 0.000000, -0.000004, -1.000000, 0.000000, 0.000000, 40.000000, 0.000000, 0.000000, 1.000000, 0.000000, 0.000000, 0.000000, 0.000000, 1.000000],
			"value": 1.000000 
		},
		{
			"pose": [0.000000, 1.000000, 0.000000, -0.000004, 0.000000, 0.000000, 1.000000, 0.000000, 1.000000, 0.000000, 0.000000, -40.000000, 0.000000, 0.000000, 0.000000, 1.000000],
			"value": 1.000000 
		},
		{
			"pose": [0.000000, -1.000000, 0.000000, -0.000004, 0.000000, 0.000000, 1.000000, 0.000000, -1.000000, 0.000000, 0.000000, 40.000000, 0.000000, 0.000000, 0.000000, 1.000000],
			"value": 1.000000 
		},
		{
			"pose": [0.000000, -1.000000, 0.000000, 10.000000, 0.000000, 0.000000, -1.000000, 0.000000, 1.000000, 0.000000, 0.000000, -40.000000, 0.000000, 0.000000, 0.000000, 1.000000],
			"value": 1.000000 
		},
		{
			"pose": [-1.000000, 0.000000, 0.000000, 40.000000, 0.000000, 0.000000, -1.000000, 0.000000, 0.000000, -1.000000, 0.000000, -10.000000, 0.000000, 0.000000, 0.000000, 1.000000],
			"value": 1.000000 
		},
		{
			"pose": [-1.000000, 0.000000, 0.000000, 40.000000, 0.000000, 0.000000, -1.000000, 0.000000, 0.000000, -1.000000, 0.000000, -0.000004, 0.000000, 0.000000, 0.000000, 1.000000],
			"value": 1.000000 
		},
		{
			"pose": [0.000000, 1.000000, 0.000000, 10.000000, 0.000000, 0.000000, -1.000000, 0.000000, -1.000000, 0.000000, 0.000000, 40.000000, 0.000000, 0.000000, 0.000000, 1.000000],
			"value": 1.000000 
		},
		{
			"pose": [-1.000000, 0.000000, 0.000000, 40.000000, 0.000000, 0.000000, -1.000000, 0.000000, 0.000000, -1.000000, 0.000000, 10.000000, 0.000000, 0.000000, 0.000000, 1.000000],
			"value": 1.000000 
		},
		{
			"pose": [-1.000000, 0.000000, 0.000000, 40.000000, 0.000000, 1.000000, 0.000000, -10.000000, 0.000000, 0.000000, -1.000000, 0.000000, 0.000000, 0.000000, 0.000000, 1.000000],
			"value": 1.000000 
		},
		{
			"pose": [0.000000, 1.000000, 0.000000, 10.000000, 1.000000, 0.000000, 0.000000, -40.000000, 0.000000, 0.000000, -1.000000, 0.000000, 0.000000, 0.000000, 0.000000, 1.000000],
			"value": 1.000000 
		},
		{
			"pose": [0.000000, -1.000000, 0.000000, 10.000000, 1.000000, 0.000000, 0.000000, -40.000000, 0.000000, 0.000000, 1.000000, 0.000000, 0.000000, 0.000000, 0.000000, 1.000000],
			"value": 1.000000 
		},
		{
			"pose": [-1.000000, 0.000000, 0.000000, 40.000000, 0.000000, -1.000000, 0.000000, -10.000000, 0.000000, 0.000000, 1.000000, 0.000000, 0.000000, 0.000000, 0.000000, 1.000000],
			"value": 1.000000 
		},
		{
			"pose": [-1.000000, 0.000000, 0.000000, 40.000000, 0.000000, 1.000000, 0.000000, -0.000004, 0.000000, 0.000000, -1.000000, 0.000000, 0.000000, 0.000000, 0.000000, 1.000000],
			"value": 1.000000 
		},
		{
			"pose": [-1.000000, 0.000000, 0.000000, 40.000000, 0.000000, -1.000000, 0.000000, -0.000004, 0.000000, 0.000000, 1.000000, 0.000000, 0.000000, 0.000000, 0.000000, 1.000000],
			"value": 1.000000 
		},
		{
			"pose": [0.000000, -1.000000, 0.000000, 10.000000, -1.000000, 0.000000, 0.000000, 40.000000, 0.000000, 0.000000, -1.000000, 0.000000, 0.000000, 0.000000, 0.000000, 1.000000],
			"value": 1.000000 
		},
		{
			"pose": [-1.000000, 0.000000, 0.000000, 40.000000, 0.000000, 1.000000, 0.000000, 10.000000, 0.000000, 0.000000, -1.000000, 0.000000, 0.000000, 0.000000, 0.000000, 1.000000],
			"value": 1.000000 
		},
		{
			"pose": [-1.000000, 0.000000, 0.000000, 40.000000, 0.000000, -1.000000, 0.000000, 10.000000, 0.000000, 0.000000, 1.000000, 0.000000, 0.000000, 0.000000, 0.000000, 1.000000],
			"value": 1.000000 
		},
		{
			"pose": [0.000000, 1.000000, 0.000000, 10.000000, -1.000000, 0.000000, 0.000000, 40.000000, 0.000000, 0.000000, 1.000000, 0.000000, 0.000000, 0.000000, 0.000000, 1.000000],
			"value": 1.000000 
		},
		{
			"pose": [-1.000000, 0.000000, 0.000000, 40.000000, 0.000000, 0.000000, 1.000000, 0.000000, 0.000000, 1.000000, 0.000000, -10.000000, 0.000000, 0.000000, 0.000000, 1.000000],
			"value": 1.000000 
		},
		{
			"pose": [0.000000, 1.000000, 0.000000, 10.000000, 0.000000, 0.000000, 1.000000, 0.000000, 1.000000, 0.000000, 0.000000, -40.000000, 0.000000, 0.000000, 0.000000, 1.000000],
			"value": 1.000000 
		},
		{
			"pose": [-1.000000, 0.000000, 0.000000, 40.000000, 0.000000, 0.000000, 1.000000, 0.000000, 0.000000, 1.000000, 0.000000, -0.000004, 0.000000, 0.000000, 0.000000, 1.000000],
			"value": 1.000000 
		},
		{
			"pose": [0.000000, -1.000000, 0.000000, 10.000000, 0.000000, 0.000000, 1.000000, 0.000000, -1.000000, 0.000000, 0.000000, 40.000000, 0.000000, 0.000000, 0.000000, 1.000000],
			"value": 1.000000 
		},
		{
			"pose": [-1.000000, 0.000000, 0.000000, 40.000000, 0.000000, 0.000000, 1.000000, 0.000000, 0.000000, 1.000000, 0.000000, 10.000000, 0.000000, 0.000000, 0.000000, 1.000000],
			"value": 1.000000 
		},
		{
			"pose": [0.000000, 0.000000, 1.000000, 0.000000, 1.000000, 0.000000, 0.000000, -40.000000, 0.000000, 1.000000, 0.000000, -10.000000, 0.000000, 0.000000, 0.000000, 1.000000],
			"value": 1.000000 
		},
		{
			"pose": [0.000000, 0.000000, 1.000000, 0.000000, 0.000000, -1.000000, 0.000000, -10.000000, 1.000000, 0.000000, 0.000000, -40.000000, 0.000000, 0.000000, 0.000000, 1.000000],
			"value": 1.000000 
		},
		{
			"pose": [0.000000, 0.000000, 1.000000, 0.000000, 1.000000, 0.000000, 0.000000, -40.000000, 0.000000, 1.000000, 0.000000, -0.000004, 0.000000, 0.000000, 0.000000, 1.000000],
			"value": 1.000000 
		},
		{
			"pose": [0.000000, 0.000000, 1.000000, 0.000000, 0.000000, 1.000000, 0.000000, -10.000000, -1.000000, 0.000000, 0.000000, 40.000000, 0.000000, 0.000000, 0.000000, 1.000000],
			"value": 1.000000 
		},
		{
			"pose": [0.000000, 0.000000, 1.000000, 0.000000, 1.000000, 0.000000, 0.000000, -40.000000, 0.000000, 1.000000, 0.000000, 10.000000, 0.000000, 0.000000, 0.000000, 1.000000],
			"value": 1.000000 
		},
		{
			"pose": [0.000000, 0.000000, 1.000000, 0.000000, 0.000000, -1.000000, 0.000000, -0.000004, 1.000000, 0.000000, 0.000000, -40.000000, 0.000000, 0.000000, 0.000000, 1.000000],
			"value": 1.000000 
		},
		{
			"pose": [0.000000, 0.000000, 1.000000, 0.000000, 0.000000, 1.000000, 0.000000, -0.000004, -1.000000, 0.000000, 0.000000, 40.000000, 0.000000, 0.000000, 0.000000, 1.000000],
			"value": 1.000000 
		},
		{
			"pose": [0.000000, 0.000000, 1.000000, 0.000000, 0.000000, -1.000000, 0.000000, 10.000000, 1.000000, 0.000000, 0.000000, -40.000000, 0.000000, 0.000000, 0.000000, 1.000000],
			"value": 1.000000 
		},
		{
			"pose": [0.000000, 0.000000, 1.000000, 0.000000, -1.000000, 0.000000, 0.000000, 40.000000, 0.000000, -1.000000, 0.000000, -10.000000, 0.000000, 0.000000, 0.000000, 1.000000],
			"value": 1.000000 
		},
		{
			"pose": [0.000000, 0.000000, 1.000000, 0.000000, -1.000000, 0.000000, 0.000000, 40.000000, 0.000000, -1.000000, 0.000000, -0.000004, 0.000000, 0.000000, 0.000000, 1.000000],
			"value": 1.000000 
		},
		{
			"pose": [0.000000, 0.000000, 1.000000, 0.000000, 0.000000, 1.000000, 0.000000, 10.000000, -1.000000, 0.000000, 0.000000, 40.000000, 0.000000, 0.000000, 0.000000, 1.000000],
			"value": 1.000000 
		},
		{
			"pose": [0.000000, 0.000000, 1.000000, 0.000000, -1.000000, 0.000000, 0.000000, 40.000000, 0.000000, -1.000000, 0.000000, 10.000000, 0.000000, 0.000000, 0.000000, 1.000000],
			"value": 1.000000 
		},
		{
			"pose": [0.000000, 0.000000, -1.000000, 0.000000, 0.866025, 0.500000, 0.000000, -45.980762, 0.500000, -0.866025, 0.000000, -15.000004, 0.000000, 0.000000, 0.000000, 1.000000],
			"value": 2.813651 
		},
		{
			"pose": [0.000000, 0.000000, -1.000000, 0.000000, 0.866025, -0.500000, 0.000000, -45.980762, -0.500000, -0.866025, 0.000000, 14.999996, 0.000000, 0.000000, 0.000000, 1.000000],
			"value": 2.813651 
		},
		{
			"pose": [0.000000, 0.000000, -1.000000, 0.000000, -0.500000, 0.866025, 0.000000, 14.999996, 0.866025, 0.500000, 0.000000, -45.980762, 0.000000, 0.000000, 0.000000, 1.000000],
			"value": 2.813651 
		},
		{
			"pose": [0.000000, 0.000000, -1.000000, 0.000000, 0.500000, 0.866025, 0.000000, -15.000004, 0.866025, -0.500000, 0.000000, -45.980762, 0.000000, 0.000000, 0.000000, 1.000000],
			"value": 2.813651 
		},
		{
			"pose": [0.000000, 0.000000, -1.000000, 0.000000, -0.500000, -0.866025, 0.000000, 14.999996, -0.866025, 0.500000, 0.000000, 45.980762, 0.000000, 0.000000, 0.000000, 1.000000],
			"value": 2.813651 
		},
		{
			"pose": [0.000000, 0.000000, -1.000000, 0.000000, 0.500000, -0.866025, 0.000000, -15.000004, -0.866025, -0.500000, 0.000000, 45.980762, 0.000000, 0.000000, 0.000000, 1.000000],
			"value": 2.813651 
		},
		{
			"pose": [0.000000, 0.000000, -1.000000, 0.000000, -0.866025, -0.500000, 0.000000, 45.980762, -0.500000, 0.866025, 0.000000, 14.999996, 0.000000, 0.000000, 0.000000, 1.000000],
			"value": 2.813651 
		},
		{
			"pose": [0.000000, 0.000000, -1.000000, 0.000000, -0.866025, 0.500000, 0.000000, 45.980762, 0.500000, 0.866025, 0.000000, -15.000004, 0.000000, 0.000000, 0.000000, 1.000000],
			"value": 2.813651 
		},
		{
			"pose": [0.866025, 0.500000, 0.000000, -45.980762, 0.000000, 0.000000, -1.000000, 0.000000, -0.500000, 0.866025, 0.000000, 14.999996, 0.000000, 0.000000, 0.000000, 1.000000],
			"value": 2.813651 
		},
		{
			"pose": [0.866025, -0.500000, 0.000000, -45.980762, 0.000000, 0.000000, -1.000000, 0.000000, 0.500000, 0.866025, 0.000000, -15.000004, 0.000000, 0.000000, 0.000000, 1.000000],
			"value": 2.813651 
		},
		{
			"pose": [0.866025, -0.500000, 0.000000, -45.980762, -0.500000, -0.866025, 0.000000, 14.999996, 0.000000, 0.000000, -1.000000, 0.000000, 0.000000, 0.000000, 0.000000, 1.000000],
			"value": 2.813651 
		},
		{
			"pose": [0.866025, 0.500000, 0.000000, -45.980762, 0.500000, -0.866025, 0.000000, -15.000004, 0.000000, 0.000000, -1.000000, 0.000000, 0.000000, 0.000000, 0.000000, 1.000000],
			"value": 2.813651 
		},
		{
			"pose": [0.866025, -0.500000, 0.000000, -45.980762, 0.500000, 0.866025, 0.000000, -15.000004, 0.000000, 0.000000, 1.000000, 0.000000, 0.000000, 0.000000, 0.000000, 1.000000],
			"value": 2.813651 
		},
		{
			"pose": [0.866025, 0.500000, 0.000000, -45.980762, -0.500000, 0.866025, 0.000000, 14.999996, 0.000000, 0.000000, 1.000000, 0.000000, 0.000000, 0.000000, 0.000000, 1.000000],
			"value": 2.813651 
		},
		{
			"pose": [0.866025, 0.500000, 0.000000, -45.980762, 0.000000, 0.000000, 1.000000, 0.000000, 0.500000, -0.866025, 0.000000, -15.000004, 0.000000, 0.000000, 0.000000, 1.000000],
			"value": 2.813651 
		},
		{
			"pose": [0.866025, -0.500000, 0.000000, -45.980762, 0.000000, 0.000000, 1.000000, 0.000000, -0.500000, -0.866025, 0.000000, 14.999996, 0.000000, 0.000000, 0.000000, 1.000000],
			"value": 2.813651 
		},
		{
			"pose": [0.500000, -0.866025, 0.000000, -15.000004, 0.000000, 0.000000, -1.000000, 0.000000, 0.866025, 0.500000, 0.000000, -45.980762, 0.000000, 0.000000, 0.000000, 1.000000],
			"value": 2.813651 
		},
		{
			"pose": [-0.500000, -0.866025, 0.000000, 14.999996, 0.000000, 0.000000, -1.000000, 0.000000, 0.866025, -0.500000, 0.000000, -45.980762, 0.000000, 0.000000, 0.000000, 1.000000],
			"value": 2.813651 
		},
		{
			"pose": [0.500000, 0.866025, 0.000000, -15.000004, 0.000000, 0.000000, -1.000000, 0.000000, -0.866025, 0.500000, 0.000000, 45.980762, 0.000000, 0.000000, 0.000000, 1.000000],
			"value": 2.813651 
		},
		{
			"pose": [-0.500000, 0.866025, 0.000000, 14.999996, 0.000000, 0.000000, -1.000000, 0.000000, -0.866025, -0.500000, 0.000000, 45.980762, 0.000000, 0.000000, 0.000000, 1.000000],
			"value": 2.813651 
		},
		{
			"pose": [-0.500000, 0.866025, 0.000000, 14.999996, 0.866025, 0.500000, 0.000000, -45.980762, 0.000000, 0.000000, -1.000000, 0.000000, 0.000000, 0.000000, 0.000000, 1.000000],
			"value": 2.813651 
		},
		{
			"pose": [0.500000, 0.866025, 0.000000, -15.000004, 0.866025, -0.500000, 0.000000, -45.980762, 0.000000, 0.000000, -1.000000, 0.000000, 0.000000, 0.000000, 0.000000, 1.000000],
			"value": 2.813651 
		},
		{
			"pose": [0.500000, -0.866025, 0.000000, -15.000004, 0.866025, 0.500000, 0.000000, -45.980762, 0.000000, 0.000000, 1.000000, 0.000000, 0.000000, 0.000000, 0.000000, 1.000000],
			"value": 2.813651 
		},
		{
			"pose": [-0.500000, -0.866025, 0.000000, 14.999996, 0.866025, -0.500000, 0.000000, -45.980762, 0.000000, 0.000000, 1.000000, 0.000000, 0.000000, 0.000000, 0.000000, 1.000000],
			"value": 2.813651 
		},
		{
			"pose": [0.500000, -0.866025, 0.000000, -15.000004, -0.866025, -0.500000, 0.000000, 45.980762, 0.000000, 0.000000, -1.000000, 0.000000, 0.000000, 0.000000, 0.000000, 1.000000],
			"value": 2.813651 
		},
		{
			"pose": [-0.500000, -0.866025, 0.000000, 14.999996, -0.866025, 0.500000, 0.000000, 45.980762, 0.000000, 0.000000, -1.000000, 0.000000, 0.000000, 0.000000, 0.000000, 1.000000],
			"value": 2.813651 
		},
		{
			"pose": [-0.500000, 0.866025, 0.000000, 14.999996, -0.866025, -0.500000, 0.000000, 45.980762, 0.000000, 0.000000, 1.000000, 0.000000, 0.000000, 0.000000, 0.000000, 1.000000],
			"value": 2.813651 
		},
		{
			"pose": [0.500000, 0.866025, 0.000000, -15.000004, -0.866025, 0.500000, 0.000000, 45.980762, 0.000000, 0.000000, 1.000000, 0.000000, 0.000000, 0.000000, 0.000000, 1.000000],
			"value": 2.813651 
		},
		{
			"pose": [-0.500000, 0.866025, 0.000000, 14.999996, 0.000000, 0.000000, 1.000000, 0.000000, 0.866025, 0.500000, 0.000000, -45.980762, 0.000000, 0.000000, 0.000000, 1.000000],
			"value": 2.813651 
		},
		{
			"pose": [0.500000, 0.866025, 0.000000, -15.000004, 0.000000, 0.000000, 1.000000, 0.000000, 0.866025, -0.500000, 0.000000, -45.980762, 0.000000, 0.000000, 0.000000, 1.000000],
			"value": 2.813651 
		},
		{
			"pose": [-0.500000, -0.866025, 0.000000, 14.999996, 0.000000, 0.000000, 1.000000, 0.000000, -0.866025, 0.500000, 0.000000, 45.980762, 0.000000, 0.000000, 0.000000, 1.000000],
			"value": 2.813651 
		},
		{
			"pose": [0.500000, -0.866025, 0.000000, -15.000004, 0.000000, 0.000000, 1.000000, 0.000000, -0.866025, -0.500000, 0.000000, 45.980762, 0.000000, 0.000000, 0.000000, 1.000000],
			"value": 2.813651 
		},
		{
			"pose": [-0.866025, -0.500000, 0.000000, 45.980762, 0.000000, 0.000000, -1.000000, 0.000000, 0.500000, -0.866025, 0.000000, -15.000004, 0.000000, 0.000000, 0.000000, 1.000000],
			"value": 2.813651 
		},
		{
			"pose": [-0.866025, 0.500000, 0.000000, 45.980762, 0.000000, 0.000000, -1.000000, 0.000000, -0.500000, -0.866025, 0.000000, 14.999996, 0.000000, 0.000000, 0.000000, 1.000000],
			"value": 2.813651 
		},
		{
			"pose": [-0.866025, -0.500000, 0.000000, 45.980762, -0.500000, 0.866025, 0.000000, 14.999996, 0.000000, 0.000000, -1.000000, 0.000000, 0.000000, 0.000000, 0.000000, 1.000000],
			"value": 2.813651 
		},
		{
			"pose": [-0.866025, 0.500000, 0.000000, 45.980762, 0.500000, 0.866025, 0.000000, -15.000004, 0.000000, 0.000000, -1.000000, 0.000000, 0.000000, 0.000000, 0.000000, 1.000000],
			"value": 2.813651 
		},
		{
			"pose": [-0.866025, -0.500000, 0.000000, 45.980762, 0.500000, -0.866025, 0.000000, -15.000004, 0.000000, 0.000000, 1.000000, 0.000000, 0.000000, 0.000000, 0.000000, 1.000000],
			"value": 2.813651 
		},
		{
			"pose": [-0.866025, 0.500000, 0.000000, 45.980762, -0.500000, -0.866025, 0.000000, 14.999996, 0.000000, 0.000000, 1.000000, 0.000000, 0.000000, 0.000000, 0.000000, 1.000000],
			"value": 2.813651 
		},
		{
			"pose": [-0.866025, -0.500000, 0.000000, 45.980762, 0.000000, 0.000000, 1.000000, 0.000000, -0.500000, 0.866025, 0.000000, 14.999996, 0.000000, 0.000000, 0.000000, 1.000000],
			"value": 2.813651 
		},
		{
			"pose": [-0.866025, 0.500000, 0.000000, 45.980762, 0.000000, 0.000000, 1.000000, 0.000000, 0.500000, 0.866025, 0.000000, -15.000004, 0.000000, 0.000000, 0.000000, 1.000000],
			"value": 2.813651 
		},
		{
			"pose": [0.000000, 0.000000, 1.000000, 0.000000, 0.866025, 0.500000, 0.000000, -45.980762, -0.500000, 0.866025, 0.000000, 14.999996, 0.000000, 0.000000, 0.000000, 1.000000],
			"value": 2.813651 
		},
		{
			"pose": [0.000000, 0.000000, 1.000000, 0.000000, 0.866025, -0.500000, 0.000000, -45.980762, 0.500000, 0.866025, 0.000000, -15.000004, 0.000000, 0.000000, 0.000000, 1.000000],
			"value": 2.813651 
		},
		{
			"pose": [0.000000, 0.000000, 1.000000, 0.000000, 0.500000, -0.866025, 0.000000, -15.000004, 0.866025, 0.500000, 0.000000, -45.980762, 0.000000, 0.000000, 0.000000, 1.000000],
			"value": 2.813651 
		},
		{
			"pose": [0.000000, 0.000000, 1.000000, 0.000000, -0.500000, -0.866025, 0.000000, 14.999996, 0.866025, -0.500000, 0.000000, -45.980762, 0.000000, 0.000000, 0.000000, 1.000000],
			"value": 2.813651 
		},
		{
			"pose": [0.000000, 0.000000, 1.000000, 0.000000, 0.500000, 0.866025, 0.000000, -15.000004, -0.866025, 0.500000, 0.000000, 45.980762, 0.000000, 0.000000, 0.000000, 1.000000],
			"value": 2.813651 
		},
		{
			"pose": [0.000000, 0.000000, 1.000000, 0.000000, -0.500000, 0.866025, 0.000000, 14.999996, -0.866025, -0.500000, 0.000000, 45.980762, 0.000000, 0.000000, 0.000000, 1.000000],
			"value": 2.813651 
		},
		{
			"pose": [0.000000, 0.000000, 1.000000, 0.000000, -0.866025, -0.500000, 0.000000, 45.980762, 0.500000, -0.866025, 0.000000, -15.000004, 0.000000, 0.000000, 0.000000, 1.000000],
			"value": 2.813651 
		},
		{
			"pose": [0.000000, 0.000000, 1.000000, 0.000000, -0.866025, 0.500000, 0.000000, 45.980762, -0.500000, -0.866025, 0.000000, 14.999996, 0.000000, 0.000000, 0.000000, 1.000000],
			"value": 2.813651 
		},
		{
			"pose": [0.000000, 0.000000, -1.000000, 0.000000, 0.500000, 0.866025, 0.000000, -35.000000, 0.866025, -0.500000, 0.000000, -35.980762, 0.000000, 0.000000, 0.000000, 1.000000],
			"value": 3.037732 
		},
		{
			"pose": [0.000000, 0.000000, -1.000000, 0.000000, 0.707107, 0.707107, 0.000000, -41.213203, 0.707107, -0.707107, 0.000000, -31.213203, 0.000000, 0.000000, 0.000000, 1.000000],
			"value": 3.037732 
		},
		{
			"pose": [0.000000, 0.000000, -1.000000, 0.000000, 0.866025, 0.500000, 0.000000, -45.980762, 0.500000, -0.866025, 0.000000, -25.000000, 0.000000, 0.000000, 0.000000, 1.000000],
			"value": 3.037732 
		},
		{
			"pose": [0.000000, 0.000000, -1.000000, 0.000000, 0.866025, -0.500000, 0.000000, -45.980762, -0.500000, -0.866025, 0.000000, 25.000000, 0.000000, 0.000000, 0.000000, 1.000000],
			"value": 3.037732 
		},
		{
			"pose": [0.000000, 0.000000, -1.000000, 0.000000, 0.707107, -0.707107, 0.000000, -41.213203, -0.707107, -0.707107, 0.000000, 31.213203, 0.000000, 0.000000, 0.000000, 1.000000],
			"value": 3.037732 
		},
		{
			"pose": [0.000000, 0.000000, -1.000000, 0.000000, 0.500000, -0.866025, 0.000000, -35.000000, -0.866025, -0.500000, 0.000000, 35.980762, 0.000000, 0.000000, 0.000000, 1.000000],
			"value": 3.037732 
		},
		{
			"pose": [0.000000, 0.000000, -1.000000, 0.000000, 0.500000, 0.866025, 0.000000, -25.000000, 0.866025, -0.500000, 0.000000, -45.980762, 0.000000, 0.000000, 0.000000, 1.000000],
			"value": 3.037732 
		},
		{
			"pose": [0.000000, 0.000000, -1.000000, 0.000000, 0.707107, 0.707107, 0.000000, -31.213203, 0.707107, -0.707107, 0.000000, -41.213203, 0.000000, 0.000000, 0.000000, 1.000000],
			"value": 3.037732 
		},
		{
			"pose": [0.000000, 0.000000, -1.000000, 0.000000, 0.866025, 0.500000, 0.000000, -35.980762, 0.500000, -0.866025, 0.000000, -35.000000, 0.000000, 0.000000, 0.000000, 1.000000],
			"value": 3.037732 
		},
		{
			"pose": [0.000000, 0.000000, -1.000000, 0.000000, 0.866025, -0.500000, 0.000000, -35.980762, -0.500000, -0.866025, 0.000000, 35.000000, 0.000000, 0.000000, 0.000000, 1.000000],
			"value": 3.037732 
		},
		{
			"pose": [0.000000, 0.000000, -1.000000, 0.000000, 0.707107, -0.707107, 0.000000, -31.213203, -0.707107, -0.707107, 0.000000, 41.213203, 0.000000, 0.000000, 0.000000, 1.000000],
			"value": 3.037732 
		},
		{
			"pose": [0.000000, 0.000000, -1.000000, 0.000000, 0.500000, -0.866025, 0.000000, -25.000000, -0.866025, -0.500000, 0.000000, 45.980762, 0.000000, 0.000000, 0.000000, 1.000000],
			"value": 3.037732 
		},
		{
			"pose": [0.000000, 0.000000, -1.000000, 0.000000, -0.866025, 0.500000, 0.000000, 35.980762, 0.500000, 0.866025, 0.000000, -35.000000, 0.000000, 0.000000, 0.000000, 1.000000],
			"value": 3.037732 
		},
		{
			"pose": [0.000000, 0.000000, -1.000000, 0.000000, -0.707107, 0.707107, 0.000000, 31.213203, 0.707107, 0.707107, 0.000000, -41.213203, 0.000000, 0.000000, 0.000000, 1.000000],
			"value": 3.037732 
		},
		{
			"pose": [0.000000, 0.000000, -1.000000, 0.000000, -0.500000, 0.866025, 0.000000, 25.000000, 0.866025, 0.500000, 0.000000, -45.980762, 0.000000, 0.000000, 0.000000, 1.000000],
			"value": 3.037732 
		},
		{
			"pose": [0.000000, 0.000000, -1.000000, 0.000000, -0.500000, -0.866025, 0.000000, 25.000000, -0.866025, 0.500000, 0.000000, 45.980762, 0.000000, 0.000000, 0.000000, 1.000000],
			"value": 3.037732 
		},
		{
			"pose": [0.000000, 0.000000, -1.000000, 0.000000, -0.707107, -0.707107, 0.000000, 31.213203, -0.707107, 0.707107, 0.000000, 41.213203, 0.000000, 0.000000, 0.000000, 1.000000],
			"value": 3.037732 
		},
		{
			"pose": [0.000000, 0.000000, -1.000000, 0.000000, -0.866025, -0.500000, 0.000000, 35.980762, -0.500000, 0.866025, 0.000000, 35.000000, 0.000000, 0.000000, 0.000000, 1.000000],
			"value": 3.037732 
		},
		{
			"pose": [0.000000, 0.000000, -1.000000, 0.000000, -0.866025, 0.500000, 0.000000, 45.980762, 0.500000, 0.866025, 0.000000, -25.000000, 0.000000, 0.000000, 0.000000, 1.000000],
			"value": 3.037732 
		},
		{
			"pose": [0.000000, 0.000000, -1.000000, 0.000000, -0.707107, 0.707107, 0.000000, 41.213203, 0.707107, 0.707107, 0.000000, -31.213203, 0.000000, 0.000000, 0.000000, 1.000000],
			"value": 3.037732 
		},
		{
			"pose": [0.000000, 0.000000, -1.000000, 0.000000, -0.500000, 0.866025, 0.000000, 35.000000, 0.866025, 0.500000, 0.000000, -35.980762, 0.000000, 0.000000, 0.000000, 1.000000],
			"value": 3.037732 
		},
		{
			"pose": [0.000000, 0.000000, -1.000000, 0.000000, -0.500000, -0.866025, 0.000000, 35.000000, -0.866025, 0.500000, 0.000000, 35.980762, 0.000000, 0.000000, 0.000000, 1.000000],
			"value": 3.037732 
		},
		{
			"pose": [0.000000, 0.000000, -1.000000, 0.000000, -0.707107, -0.707107, 0.000000, 41.213203, -0.707107, 0.707107, 0.000000, 31.213203, 0.000000, 0.000000, 0.000000, 1.000000],
			"value": 3.037732 
		},
		{
			"pose": [0.000000, 0.000000, -1.000000, 0.000000, -0.866025, -0.500000, 0.000000, 45.980762, -0.500000, 0.866025, 0.000000, 25.000000, 0.000000, 0.000000, 0.000000, 1.000000],
			"value": 3.037732 
		},
		{
			"pose": [0.866025, -0.500000, 0.000000, -45.980762, 0.000000, 0.000000, -1.000000, 0.000000, 0.500000, 0.866025, 0.000000, -25.000000, 0.000000, 0.000000, 0.000000, 1.000000],
			"value": 3.037732 
		},
		{
			"pose": [0.707107, -0.707107, 0.000000, -41.213203, 0.000000, 0.000000, -1.000000, 0.000000, 0.707107, 0.707107, 0.000000, -31.213203, 0.000000, 0.000000, 0.000000, 1.000000],
			"value": 3.037732 
		},
		{
			"pose": [0.500000, -0.866025, 0.000000, -35.000000, 0.000000, 0.000000, -1.000000, 0.000000, 0.866025, 0.500000, 0.000000, -35.980762, 0.000000, 0.000000, 0.000000, 1.000000],
			"value": 3.037732 
		},
		{
			"pose": [0.500000, 0.866025, 0.000000, -35.000000, 0.000000, 0.000000, -1.000000, 0.000000, -0.866025, 0.500000, 0.000000, 35.980762, 0.000000, 0.000000, 0.000000, 1.000000],
			"value": 3.037732 
		},
		{
			"pose": [0.707107, 0.707107, 0.000000, -41.213203, 0.000000, 0.000000, -1.000000, 0.000000, -0.707107, 0.707107, 0.000000, 31.213203, 0.000000, 0.000000, 0.000000, 1.000000],
			"value": 3.037732 
		},
		{
			"pose": [0.866025, 0.500000, 0.000000, -45.980762, 0.000000, 0.000000, -1.000000, 0.000000, -0.500000, 0.866025, 0.000000, 25.000000, 0.000000, 0.000000, 0.000000, 1.000000],
			"value": 3.037732 
		},
		{
			"pose": [0.500000, 0.866025, 0.000000, -35.000000, 0.866025, -0.500000, 0.000000, -35.980762, 0.000000, 0.000000, -1.000000, 0.000000, 0.000000, 0.000000, 0.000000, 1.000000],
			"value": 3.037732 
		},
		{
			"pose": [0.707107, 0.707107, 0.000000, -41.213203, 0.707107, -0.707107, 0.000000, -31.213203, 0.000000, 0.000000, -1.000000, 0.000000, 0.000000, 0.000000, 0.000000, 1.000000],
			"value": 3.037732 
		},
		{
			"pose": [0.866025, 0.500000, 0.000000, -45.980762, 0.500000, -0.866025, 0.000000, -25.000000, 0.000000, 0.000000, -1.000000, 0.000000, 0.000000, 0.000000, 0.000000, 1.000000],
			"value": 3.037732 
		},
		{
			"pose": [0.866025, -0.500000, 0.000000, -45.980762, 0.500000, 0.866025, 0.000000, -25.000000, 0.000000, 0.000000, 1.000000, 0.000000, 0.000000, 0.000000, 0.000000, 1.000000],
			"value": 3.037732 
		},
		{
			"pose": [0.707107, -0.707107, 0.000000, -41.213203, 0.707107, 0.707107, 0.000000, -31.213203, 0.000000, 0.000000, 1.000000, 0.000000, 0.000000, 0.000000, 0.000000, 1.000000],
			"value": 3.037732 
		},
		{
			"pose": [0.500000, -0.866025, 0.000000, -35.000000, 0.866025, 0.500000, 0.000000, -35.980762, 0.000000, 0.000000, 1.000000, 0.000000, 0.000000, 0.000000, 0.000000, 1.000000],
			"value": 3.037732 
		},
		{
			"pose": [0.866025, -0.500000, 0.000000, -45.980762, -0.500000, -0.866025, 0.000000, 25.000000, 0.000000, 0.000000, -1.000000, 0.000000, 0.000000, 0.000000, 0.000000, 1.000000],
			"value": 3.037732 
		},
		{
			"pose": [0.707107, -0.707107, 0.000000, -41.213203, -0.707107, -0.707107, 0.000000, 31.213203, 0.000000, 0.000000, -1.000000, 0.000000, 0.000000, 0.000000, 0.000000, 1.000000],
			"value": 3.037732 
		},
		{
			"pose": [0.500000, -0.866025, 0.000000, -35.000000, -0.866025, -0.500000, 0.000000, 35.980762, 0.000000, 0.000000, -1.000000, 0.000000, 0.000000, 0.000000, 0.000000, 1.000000],
			"value": 3.037732 
		},
		{
			"pose": [0.500000, 0.866025, 0.000000, -35.000000, -0.866025, 0.500000, 0.000000, 35.980762, 0.000000, 0.000000, 1.000000, 0.000000, 0.000000, 0.000000, 0.000000, 1.000000],
			"value": 3.037732 
		},
		{
			"pose": [0.707107, 0.707107, 0.000000, -41.213203, -0.707107, 0.707107, 0.000000, 31.213203, 0.000000, 0.000000, 1.000000, 0.000000, 0.000000, 0.000000, 0.000000, 1.000000],
			"value": 3.037732 
		},
		{
			"pose": [0.866025, 0.500000, 0.000000, -45.980762, -0.500000, 0.866025, 0.000000, 25.000000, 0.000000, 0.000000, 1.000000, 0.000000, 0.000000, 0.000000, 0.000000, 1.000000],
			"value": 3.037732 
		},
		{
			"pose": [0.500000, 0.866025, 0.000000, -35.000000, 0.000000, 0.000000, 1.000000, 0.000000, 0.866025, -0.500000, 0.000000, -35.980762, 0.000000, 0.000000, 0.000000, 1.000000],
			"value": 3.037732 
		},
		{
			"pose": [0.707107, 0.707107, 0.000000, -41.213203, 0.000000, 0.000000, 1.000000, -0.000000, 0.707107, -0.707107, 0.000000, -31.213203, 0.000000, 0.000000, 0.000000, 1.000000],
			"value": 3.037732 
		},
		{
			"pose": [0.866025, 0.500000, 0.000000, -45.980762, 0.000000, 0.000000, 1.000000, 0.000000, 0.500000, -0.866025, 0.000000, -25.000000, 0.000000, 0.000000, 0.000000, 1.000000],
			"value": 3.037732 
		},
		{
			"pose": [0.866025, -0.500000, 0.000000, -45.980762, 0.000000, 0.000000, 1.000000, 0.000000, -0.500000, -0.866025, 0.000000, 25.000000, 0.000000, 0.000000, 0.000000, 1.000000],
			"value": 3.037732 
		},
		{
			"pose": [0.707107, -0.707107, 0.000000, -41.213203, 0.000000, 0.000000, 1.000000, 0.000000, -0.707107, -0.707107, 0.000000, 31.213203, 0.000000, 0.000000, 0.000000, 1.000000],
			"value": 3.037732 
		},
		{
			"pose": [0.500000, -0.866025, 0.000000, -35.000000, 0.000000, 0.000000, 1.000000, 0.000000, -0.866025, -0.500000, 0.000000, 35.980762, 0.000000, 0.000000, 0.000000, 1.000000],
			"value": 3.037732 
		},
		{
			"pose": [0.866025, -0.500000, 0.000000, -35.980762, 0.000000, 0.000000, -1.000000, 0.000000, 0.500000, 0.866025, 0.000000, -35.000000, 0.000000, 0.000000, 0.000000, 1.000000],
			"value": 3.037732 
		},
		{
			"pose": [0.707107, -0.707107, 0.000000, -31.213203, 0.000000, 0.000000, -1.000000, 0.000000, 0.707107, 0.707107, 0.000000, -41.213203, 0.000000, 0.000000, 0.000000, 1.000000],
			"value": 3.037732 
		},
		{
			"pose": [0.500000, -0.866025, 0.000000, -25.000000, 0.000000, 0.000000, -1.000000, 0.000000, 0.866025, 0.500000, 0.000000, -45.980762, 0.000000, 0.000000, 0.000000, 1.000000],
			"value": 3.037732 
		},
		{
			"pose": [0.500000, 0.866025, 0.000000, -25.000000, 0.000000, 0.000000, -1.000000, 0.000000, -0.866025, 0.500000, 0.000000, 45.980762, 0.000000, 0.000000, 0.000000, 1.000000],
			"value": 3.037732 
		},
		{
			"pose": [0.707107, 0.707107, 0.000000, -31.213203, 0.000000, 0.000000, -1.000000, 0.000000, -0.707107, 0.707107, 0.000000, 41.213203, 0.000000, 0.000000, 0.000000, 1.000000],
			"value": 3.037732 
		},
		{
			"pose": [0.866025, 0.500000, 0.000000, -35.980762, 0.000000, 0.000000, -1.000000, 0.000000, -0.500000, 0.866025, 0.000000, 35.000000, 0.000000, 0.000000, 0.000000, 1.000000],
			"value": 3.037732 
		},
		{
			"pose": [0.500000, 0.866025, 0.000000, -25.000000, 0.866025, -0.500000, 0.000000, -45.980762, 0.000000, 0.000000, -1.000000, 0.000000, 0.000000, 0.000000, 0.000000, 1.000000],
			"value": 3.037732 
		},
		{
			"pose": [0.707107, 0.707107, 0.000000, -31.213203, 0.707107, -0.707107, 0.000000, -41.213203, 0.000000, 0.000000, -1.000000, 0.000000, 0.000000, 0.000000, 0.000000, 1.000000],
			"value": 3.037732 
		},
		{
			"pose": [0.866025, 0.500000, 0.000000, -35.980762, 0.500000, -0.866025, 0.000000, -35.000000, 0.000000, 0.000000, -1.000000, 0.000000, 0.000000, 0.000000, 0.000000, 1.000000],
			"value": 3.037732 
		},
		{
			"pose": [0.866025, -0.500000, 0.000000, -35.980762, 0.500000, 0.866025, 0.000000, -35.000000, 0.000000, 0.000000, 1.000000, 0.000000, 0.000000, 0.000000, 0.000000, 1.000000],
			"value": 3.037732 
		},
		{
			"pose": [0.707107, -0.707107, 0.000000, -31.213203, 0.707107, 0.707107, 0.000000, -41.213203, 0.000000, 0.000000, 1.000000, 0.000000, 0.000000, 0.000000, 0.000000, 1.000000],
			"value": 3.037732 
		},
		{
			"pose": [0.500000, -0.866025, 0.000000, -25.000000, 0.866025, 0.500000, 0.000000, -45.980762, 0.000000, 0.000000, 1.000000, 0.000000, 0.000000, 0.000000, 0.000000, 1.000000],
			"value": 3.037732 
		},
		{
			"pose": [0.866025, -0.500000, 0.000000, -35.980762, -0.500000, -0.866025, 0.000000, 35.000000, 0.000000, 0.000000, -1.000000, 0.000000, 0.000000, 0.000000, 0.000000, 1.000000],
			"value": 3.037732 
		},
		{
			"pose": [0.707107, -0.707107, 0.000000, -31.213203, -0.707107, -0.707107, 0.000000, 41.213203, 0.000000, 0.000000, -1.000000, 0.000000, 0.000000, 0.000000, 0.000000, 1.000000],
			"value": 3.037732 
		},
		{
			"pose": [0.500000, -0.866025, 0.000000, -25.000000, -0.866025, -0.500000, 0.000000, 45.980762, 0.000000, 0.000000, -1.000000, 0.000000, 0.000000, 0.000000, 0.000000, 1.000000],
			"value": 3.037732 
		},
		{
			"pose": [0.500000, 0.866025, 0.000000, -25.000000, -0.866025, 0.500000, 0.000000, 45.980762, 0.000000, 0.000000, 1.000000, 0.000000, 0.000000, 0.000000, 0.000000, 1.000000],
			"value": 3.037732 
		},
		{
			"pose": [0.707107, 0.707107, 0.000000, -31.213203, -0.707107, 0.707107, 0.000000, 41.213203, 0.000000, 0.000000, 1.000000, 0.000000, 0.000000, 0.000000, 0.000000, 1.000000],
			"value": 3.037732 
		},
		{
			"pose": [0.866025, 0.500000, 0.000000, -35.980762, -0.500000, 0.866025, 0.000000, 35.000000, 0.000000, 0.000000, 1.000000, 0.000000, 0.000000, 0.000000, 0.000000, 1.000000],
			"value": 3.037732 
		},
		{
			"pose": [0.500000, 0.866025, 0.000000, -25.000000, 0.000000, 0.000000, 1.000000, 0.000000, 0.866025, -0.500000, 0.000000, -45.980762, 0.000000, 0.000000, 0.000000, 1.000000],
			"value": 3.037732 
		},
		{
			"pose": [0.707107, 0.707107, 0.000000, -31.213203, 0.000000, 0.000000, 1.000000, -0.000000, 0.707107, -0.707107, 0.000000, -41.213203, 0.000000, 0.000000, 0.000000, 1.000000],
			"value": 3.037732 
		},
		{
			"pose": [0.866025, 0.500000, 0.000000, -35.980762, 0.000000, 0.000000, 1.000000, 0.000000, 0.500000, -0.866025, 0.000000, -35.000000, 0.000000, 0.000000, 0.000000, 1.000000],
			"value": 3.037732 
		},
		{
			"pose": [0.866025, -0.500000, 0.000000, -35.980762, 0.000000, 0.000000, 1.000000, 0.000000, -0.500000, -0.866025, 0.000000, 35.000000, 0.000000, 0.000000, 0.000000, 1.000000],
			"value": 3.037732 
		},
		{
			"pose": [0.707107, -0.707107, 0.000000, -31.213203, 0.000000, 0.000000, 1.000000, 0.000000, -0.707107, -0.707107, 0.000000, 41.213203, 0.000000, 0.000000, 0.000000, 1.000000],
			"value": 3.037732 
		},
		{
